-0.19898187000763484
-1.2406182744554253
1.0613272743234785
-2.2476607841305754
1.5641650306475918
-1.142508385657626
-1.421946297564521
1.3876153088737264
0.5096853882262311
-2.1028491863315457
-1.5619938437448917
0.5544608388957393
-1.8210110779456778
1.6874799009848698
-1.252424965805012
-1.9620174623925541
-2.152898378709155
2.028434220993863
-1.5558614658706174
2.1458902454876574
-0.027676934866411873
1.2879085776874064
-0.6798490237728727
1.857081606503298
-1.8797954842377986
1.7699891983342755
-2.757370612157648
-1.2979992875941944
-1.5778400424303607
0.322130471494158
-2.171735349363064
-1.682271585556591
0.5845734599027865
1.5823542706947524
0.30224346397194596
-0.6274848306716417
-2.2636172179344367
1.5903646919784737
-0.01928163762058266
-1.9042400726385496
-2.1740286819649235
-1.3548295379792923
0.5554663742534467
-0.7477833979593362
-0.6865256067799542
-1.7362457465394134
0.7210502231466858
-0.7995699906071332
-1.892833477214254
-0.31519371705012605
-0.48708768439241085
-2.3444864972531017
-1.0050607580694872
0.3357649371345291
-2.1679562663977956
-1.15044449961844
1.996079835313335
-1.5697767578721056
-1.7228209806040964
-0.8307757817143453
